7.005066199999999910e+00 -2.578172699999999873e-01
4.073099400000000259e+00 -3.029239800000000038e+00
2.084795300000000129e+00 1.356725100000000017e+00
1.820552900000000029e+00 -6.346680999999999573e-01
8.686496400000000007e-01 -2.411934800000000045e+00
8.754856300000000147e-01 -5.458616800000000158e-01
3.717708000000000013e+00 1.151720000000000077e+00
3.692982499999999835e+00 -1.052631599999999945e-01
5.418128699999999576e+00 -2.707602300000000017e+00
7.494151999999999703e+00 -1.742690099999999909e+00
1.675438599999999889e+00 5.672514600000000407e-01
4.378687000000000218e+00 -2.380474299999999932e+00
3.128378699999999846e+00 -3.445243200000000172e+00
4.151296699999999618e+00 8.672126000000000001e-01
5.649592400000000403e+00 1.305392899999999967e+00
4.307017499999999721e+00 1.415204700000000093e+00
6.100452399999999997e+00 -4.095741399999999754e-02
2.218370100000000011e+00 7.427955799999999553e-02
4.493432099999999707e+00 1.235159200000000013e+00
9.767335200000000217e-01 -1.353315100000000104e+00
4.833333299999999610e+00 7.017543900000000612e-02
7.099017199999999583e+00 2.215515100000000182e+00
6.032163699999999906e+00 4.502923999999999816e-01
5.527547900000000070e+00 2.996842100000000064e-01
3.060694300000000201e+00 1.485716299999999990e+00
3.698684699999999825e+00 2.259408399999999872e+00
5.170899699999999655e+00 1.210366700000000018e+00
4.766555799999999898e+00 2.753120899999999871e+00
7.690058499999999908e-01 1.210526299999999944e+00
2.289473699999999834e+00 1.970760199999999962e+00
3.459064300000000092e+00 -2.824561399999999889e+00
4.307017499999999721e+00 -1.040935699999999908e+00
6.359452700000000291e+00 2.394421700000000097e-01
2.908665200000000173e+00 -4.006503699999999668e+00
4.453811400000000198e+00 8.394183100000000008e-01
5.883696900000000340e+00 2.776818599999999915e+00
6.674748000000000125e+00 -1.248476599999999992e-01
3.663742699999999797e+00 -7.777777799999999742e-01
6.427072400000000130e+00 -1.471386299999999925e-01
3.081209799999999888e+00 2.798525500000000221e+00
2.494152000000000147e+00 1.415204700000000093e+00
2.021600900000000145e+00 1.722738699999999956e-01
2.494152000000000147e+00 -8.654970800000000297e-01
3.365248199999999912e+00 -1.816493600000000042e+00
2.467014100000000099e+00 -1.610844399999999954e+00
1.002923999999999927e+00 7.719298199999999888e-01
6.981095599999999735e+00 1.259986499999999898e+00
5.623741200000000440e+00 3.713591399999999765e-01
2.070373000000000019e+00 -2.463410099999999936e+00
9.863206700000000104e-01 -1.888576199999999927e+00
7.226563299999999579e-01 -8.669192999999999483e-01
5.830348899999999723e+00 -2.197440800000000083e-01
2.048692099999999794e+00 -6.358104100000000480e-01
7.071846500000000368e+00 -3.496165099999999915e-01
4.801656499999999994e+00 -3.380334400000000183e+00
5.798245600000000444e+00 -2.093567300000000131e+00
1.675438599999999889e+00 5.087719299999999834e-01
3.931322000000000205e+00 -2.109904400000000013e+00
1.426646800000000104e+00 -7.528833700000000517e-01
5.707994100000000071e-01 -3.327866000000000157e-02
6.845606499999999706e+00 1.475496700000000105e+00
1.945858400000000099e+00 -2.044327800000000028e+00
5.827485399999999593e+00 -6.900584800000000296e-01
1.343250400000000067e+00 -1.331147899999999940e+00
6.500000000000000000e+00 -2.912280700000000166e+00
9.534619800000000422e-01 -1.489695599999999898e+00
4.879518799999999601e+00 1.608184800000000081e+00
2.677033799999999797e+00 -3.019859199999999966e+00
4.171464699999999581e+00 -3.462248199999999887e+00
5.578161099999999983e+00 3.068288900000000208e+00
3.137426899999999907e+00 4.210526299999999833e-01
3.488304100000000130e+00 -1.888888899999999982e+00
7.110609600000000086e+00 -1.020115799999999906e+00
3.482674299999999779e+00 -1.553387199999999968e+00
2.107515300000000202e+00 -2.125668399999999902e+00
4.166104999999999947e+00 -2.813884400000000063e+00
3.094742899999999963e+00 -3.644614499999999868e+00
6.287065799999999705e+00 2.415642699999999810e+00
4.664986999999999995e+00 1.069553200000000093e+00
2.728070199999999890e+00 -9.239766099999999760e-01
5.739766099999999760e+00 -1.625731000000000037e+00
7.705400599999999933e+00 1.604555500000000023e+00
3.622447699999999937e+00 1.310676900000000034e+00
6.811452899999999921e+00 -8.345673000000000119e-01
3.109044400000000152e+00 -1.638494600000000023e+00
2.745867099999999894e+00 -2.710056100000000079e+00
4.119300499999999587e+00 2.547451000000000132e+00
5.242690099999999909e+00 9.181286499999999906e-01
1.944373399999999918e+00 -1.635451999999999906e+00
2.877278800000000025e+00 -1.851168900000000006e+00
2.950030799999999953e+00 1.687301600000000110e-02
4.774853799999999815e+00 9.941520500000000649e-02
4.633748899999999615e+00 1.946754600000000002e+00
1.800659400000000021e+00 -2.773968899999999849e+00
6.039183200000000085e+00 -2.475683200000000084e-01
4.979532200000000408e+00 -1.508771899999999944e+00
1.500000000000000000e+00 3.812865500000000019e+00
1.994987300000000019e+00 1.626865899999999920e-01
6.846129099999999745e+00 2.597716700000000101e-01
